0 0
1 0.02
2 0.03
3 0.05
4 0.07
5 0.09
6 0.1
7 0.12
8 0.14
9 0.16
10 0.17
11 0.19
12 0.21
13 0.23
14 0.24
15 0.26
16 0.28
17 0.29
18 0.31
19 0.33
20 0.34
21 0.36
22 0.38
23 0.39
24 0.41
25 0.43
26 0.44
27 0.46
28 0.48
29 0.49
30 0.51
31 0.53
32 0.54
33 0.56
34 0.57
35 0.59
36 0.6
37 0.62
38 0.63
39 0.65
40 0.66
41 0.68
42 0.69
43 0.71
44 0.72
45 0.74
46 0.75
47 0.77
48 0.78
49 0.79
50 0.81
51 0.82
52 0.84
53 0.85
54 0.86
55 0.88
56 0.89
57 0.9
58 0.91
59 0.93
60 0.94
61 0.95
62 0.96
63 0.98
64 0.99
65 1
66 1.01
67 1.02
68 1.03
69 1.04
70 1.06
71 1.07
72 1.08
73 1.09
74 1.1
75 1.11
76 1.12
77 1.13
78 1.14
79 1.15
80 1.16
81 1.17
82 1.17
83 1.18
84 1.19
85 1.2
86 1.21
87 1.22
88 1.23
89 1.23
90 1.24
91 1.25
92 1.26
93 1.26
94 1.27
95 1.28
96 1.28
97 1.29
98 1.3
99 1.3
100 1.31
101 1.31
102 1.32
103 1.33
104 1.33
105 1.34
106 1.34
107 1.35
108 1.35
109 1.36
110 1.36
111 1.36
112 1.37
113 1.37
114 1.38
115 1.38
116 1.38
117 1.39
118 1.39
119 1.39
120 1.39
121 1.4
122 1.4
123 1.4
124 1.4
125 1.41
126 1.41
127 1.41
128 1.41
129 1.41
130 1.41
131 1.41
132 1.41
133 1.41
134 1.41
135 1.41
136 1.41
137 1.41
138 1.41
139 1.41
140 1.41
141 1.41
142 1.41
143 1.41
144 1.41
145 1.4
146 1.4
147 1.4
148 1.4
149 1.39
150 1.39
151 1.39
152 1.38
153 1.38
154 1.38
155 1.37
156 1.37
157 1.36
158 1.36
159 1.35
160 1.35
161 1.34
162 1.34
163 1.33
164 1.32
165 1.32
166 1.31
167 1.3
168 1.3
169 1.29
170 1.28
171 1.27
172 1.26
173 1.26
174 1.25
175 1.24
176 1.23
177 1.22
178 1.21
179 1.2
180 1.19